0 0.042307 0.064294 0.048155 0.023031
0 0.045398 0.084638 0.042624 0.020728
0 0.039054 0.107477 0.035140 0.024950
0 0.043121 0.129741 0.041322 0.021879
0 0.043771 0.147973 0.045877 0.018425
0 0.044259 0.167550 0.047504 0.019192
0 0.047676 0.188277 0.051083 0.019192
0 0.041494 0.210349 0.040021 0.019576
0 0.055810 0.230117 0.062797 0.018425
0 0.046700 0.250461 0.053035 0.019192
0 0.044259 0.270421 0.041647 0.018425
0 0.048652 0.293068 0.047179 0.019192
0 0.040192 0.312452 0.037418 0.018041
0 0.048327 0.331261 0.053686 0.018809
0 0.055973 0.352564 0.064423 0.021495
0 0.042307 0.373868 0.048155 0.021112
0 0.041494 0.395363 0.041973 0.019576
0 0.040192 0.414939 0.044576 0.021879
0 0.044585 0.437203 0.044250 0.024182
0 0.036288 0.457163 0.045227 0.016505
0 0.038077 0.477698 0.037092 0.021495
0 0.043446 0.498042 0.047830 0.017657
0 0.040518 0.514740 0.043274 0.021879
0 0.038728 0.536811 0.038394 0.019960
0 0.039867 0.558115 0.040671 0.022647
0 0.038403 0.580953 0.031236 0.019192
0 0.049465 0.601681 0.059868 0.023031
0 0.042958 0.624136 0.048155 0.021879
0 0.053207 0.644288 0.064749 0.017657
0 0.047676 0.664440 0.051083 0.018041
0 0.040518 0.687087 0.032212 0.017273
0 0.037915 0.708007 0.041322 0.019960
0 0.041006 0.729119 0.037092 0.019192
0 0.037589 0.750998 0.029609 0.018425
0 0.034986 0.772685 0.029609 0.018809
0 0.041168 0.793797 0.043925 0.018041
0 0.046281 0.816363 0.050708 0.019941
0 0.045879 0.836778 0.048294 0.020890
0 0.042257 0.857668 0.045879 0.018991
0 0.046281 0.879508 0.050708 0.020890
0 0.059562 0.901822 0.072440 0.021840
0 0.048696 0.922238 0.049099 0.017092
0 0.048696 0.939804 0.044269 0.019941
0 0.050511 0.958465 0.051973 0.017353
0 0.055578 0.972347 0.050339 0.012726
0 0.077642 0.984494 0.089891 0.010797
0 0.219736 0.059095 0.036220 0.020890
0 0.212894 0.078561 0.054733 0.021840
0 0.207663 0.099926 0.039440 0.020890
0 0.209272 0.119391 0.039440 0.021840
0 0.212492 0.143130 0.041050 0.023739
0 0.207260 0.161646 0.030586 0.017092
0 0.223760 0.181587 0.063587 0.020890
0 0.209272 0.203901 0.041050 0.021840
0 0.209272 0.225266 0.041050 0.018991
0 0.220943 0.245207 0.056343 0.018991
0 0.224968 0.266097 0.069221 0.018991
0 0.216919 0.286038 0.048294 0.020890
0 0.214907 0.305978 0.053928 0.018991
0 0.222151 0.325444 0.055538 0.019941
0 0.224163 0.345860 0.067611 0.024688
0 0.209272 0.367224 0.044269 0.019941
0 0.226175 0.389539 0.074855 0.020890
0 0.214907 0.410904 0.047489 0.019941
0 0.216919 0.430844 0.048294 0.018041
0 0.215309 0.452209 0.056343 0.022789
0 0.210882 0.473099 0.045879 0.018991
0 0.217321 0.493990 0.045879 0.018991
0 0.218931 0.514405 0.053928 0.016142
0 0.228992 0.535295 0.070831 0.019941
0 0.232614 0.558559 0.082904 0.022789
0 0.226980 0.580399 0.070026 0.022789
0 0.221346 0.601289 0.052318 0.018991
0 0.224565 0.623129 0.066806 0.022789
0 0.209675 0.641645 0.030586 0.019941
0 0.214102 0.663959 0.049099 0.018991
0 0.216919 0.687698 0.049903 0.020890
0 0.213699 0.706689 0.038635 0.018991
0 0.218529 0.728054 0.049903 0.021840
0 0.215309 0.749419 0.048294 0.020890
0 0.210882 0.771259 0.031391 0.022789
0 0.210882 0.793099 0.034610 0.020890
0 0.215309 0.813989 0.043464 0.022789
0 0.215309 0.837253 0.049903 0.021840
0 0.218126 0.856719 0.037830 0.020890
0 0.226980 0.877134 0.061977 0.023739
0 0.223358 0.900398 0.056343 0.020890
0 0.223358 0.936956 0.054733 0.023739
0 0.221748 0.958795 0.046684 0.019941
0 0.230602 0.976362 0.059562 0.020890
1 0.363410 0.053872 0.045879 0.021840
1 0.372263 0.074762 0.066806 0.021840
1 0.359385 0.096602 0.041050 0.021840
1 0.359788 0.115118 0.037025 0.020890
1 0.359385 0.137908 0.042659 0.024688
1 0.355763 0.157848 0.038635 0.020890
1 0.371056 0.180163 0.048294 0.023739
1 0.354556 0.199154 0.028171 0.023739
1 0.371056 0.220993 0.046684 0.019941
1 0.367434 0.241884 0.039440 0.019941
1 0.379507 0.261349 0.061977 0.018991
1 0.379105 0.282240 0.054733 0.018991
1 0.369044 0.301705 0.041050 0.019941
1 0.366629 0.322595 0.036220 0.019941
1 0.373471 0.343960 0.056343 0.022789
1 0.377495 0.365800 0.057952 0.018991
1 0.377898 0.385741 0.053928 0.018991
1 0.359788 0.407106 0.038635 0.021840
1 0.361864 0.430633 0.041525 0.019995
1 0.374153 0.449129 0.059322 0.018996
1 0.362288 0.469624 0.038983 0.017996
1 0.380085 0.491119 0.066102 0.018996
1 0.366525 0.511614 0.045763 0.021995
1 0.373305 0.531610 0.052542 0.019995
1 0.372881 0.552605 0.051695 0.021995
1 0.376271 0.574600 0.055085 0.021995
1 0.374576 0.596595 0.051695 0.017996
1 0.367797 0.618589 0.039831 0.019995
1 0.372034 0.639085 0.043220 0.018996
1 0.374576 0.661079 0.043220 0.020995
2 0.374572 0.701557 0.036432 0.022020
2 0.372458 0.724065 0.038983 0.022995
2 0.364831 0.746060 0.033898 0.022995
2 0.377966 0.766055 0.044915 0.022995
2 0.374576 0.786550 0.038136 0.017996
2 0.380085 0.810544 0.049153 0.019995
2 0.379661 0.831040 0.043220 0.022995
2 0.387712 0.853034 0.064407 0.022995
2 0.385169 0.877529 0.047458 0.019995
2 0.382203 0.896524 0.043220 0.019995
2 0.393220 0.916020 0.056780 0.016996
2 0.382203 0.936015 0.036441 0.022995
2 0.380932 0.957510 0.040678 0.017996
2 0.397458 0.974006 0.063559 0.016996
2 0.515254 0.056721 0.048305 0.017996
2 0.517797 0.076217 0.055085 0.020995
2 0.503814 0.095212 0.037288 0.018996
2 0.511441 0.115207 0.050847 0.018996
2 0.515678 0.137202 0.069492 0.020995
2 0.518644 0.158697 0.055085 0.021995
2 0.513559 0.178692 0.033051 0.017996
2 0.502966 0.200687 0.040678 0.021995
2 0.510154 0.220183 0.041557 0.022995
2 0.523986 0.241409 0.070831 0.023739
2 0.509095 0.263723 0.049099 0.020890
2 0.528815 0.283189 0.082099 0.016142
2 0.521169 0.300281 0.070026 0.019941
2 0.523583 0.320222 0.068416 0.019941
2 0.518352 0.340637 0.054733 0.022789
2 0.524791 0.362002 0.072440 0.019941
2 0.519559 0.382417 0.060367 0.018991
2 0.519156 0.405681 0.049903 0.021840
2 0.522778 0.425147 0.063587 0.020890
2 0.514327 0.446037 0.041854 0.022789
2 0.517949 0.467877 0.052318 0.017092
2 0.519156 0.490191 0.048294 0.023739
2 0.538876 0.509657 0.084514 0.022789
2 0.511108 0.531497 0.028976 0.020890
2 0.515937 0.553811 0.040245 0.023739
2 0.568255 0.569479 0.035415 0.030386
2 0.524791 0.594167 0.053123 0.020890
2 0.567853 0.618381 0.140856 0.019941
3 0.522778 0.680814 0.039440 0.020415
3 0.520766 0.700992 0.038635 0.018041
3 0.524388 0.722357 0.042659 0.020890
3 0.532035 0.742298 0.049903 0.020890
3 0.532840 0.766511 0.066001 0.019941
3 0.538071 0.786452 0.058757 0.021840
3 0.529218 0.808766 0.049099 0.022789
3 0.538474 0.830131 0.064392 0.021840
3 0.535254 0.850546 0.043464 0.017092
3 0.532437 0.873336 0.041050 0.022789
3 0.534449 0.893751 0.041854 0.019941
3 0.539279 0.915116 0.046684 0.020890
3 0.543303 0.935057 0.059562 0.020890
3 0.545718 0.954522 0.053123 0.018041
3 0.707904 0.060994 0.045074 0.017092
3 0.700660 0.078086 0.059562 0.022789
3 0.550950 0.968766 0.068416 0.018991
3 0.706294 0.099451 0.066806 0.021840
3 0.706697 0.121290 0.069221 0.019941
3 0.692611 0.139332 0.039440 0.018041
3 0.691806 0.159747 0.042659 0.018991
3 0.701867 0.180163 0.049903 0.016142
3 0.698245 0.201528 0.052318 0.022789
3 0.700660 0.221943 0.041050 0.016142
3 0.710319 0.241409 0.068416 0.020890
3 0.699855 0.262774 0.050708 0.021840
3 0.700660 0.284139 0.044269 0.018991
3 0.706294 0.301705 0.061977 0.019941
3 0.709514 0.322595 0.073245 0.019941
3 0.696233 0.342061 0.041854 0.017092
3 0.713136 0.362477 0.075660 0.016142
3 0.699453 0.383367 0.040245 0.019941
3 0.707502 0.403782 0.053123 0.017092
3 0.714343 0.424672 0.055538 0.017092
3 0.695026 0.445088 0.033001 0.018041
3 0.698245 0.487343 0.033001 0.020890
3 0.694221 0.465978 0.039440 0.019941
3 0.705087 0.508708 0.043464 0.021840
3 0.701867 0.530547 0.041854 0.021840
3 0.705892 0.552862 0.041854 0.022789
3 0.709916 0.574702 0.051513 0.022789
3 0.706697 0.595117 0.054733 0.019941
3 0.706697 0.615058 0.048294 0.021840
3 0.706697 0.634523 0.041854 0.018991
3 0.701867 0.656363 0.045074 0.020890
3 0.705489 0.678678 0.044269 0.021840
3 0.701062 0.698618 0.038635 0.019941
3 0.710938 0.718588 0.050781 0.020737
3 0.707150 0.739016 0.050363 0.020454
3 0.714581 0.760445 0.053666 0.020454
3 0.705086 0.781873 0.051189 0.022402
3 0.717057 0.803301 0.055317 0.022402
3 0.717057 0.824243 0.053666 0.019480
3 0.709214 0.845184 0.041281 0.022402
3 0.714168 0.865638 0.052840 0.022402
3 0.717470 0.888527 0.066050 0.023376
3 0.724075 0.908982 0.077609 0.023376
3 0.716645 0.927975 0.054491 0.022402
3 0.703435 0.949403 0.039630 0.030194
3 0.856589 0.064513 0.030548 0.017532
3 0.866083 0.105422 0.049538 0.013636
3 0.914795 0.083993 0.033025 0.017532
3 0.862781 0.122954 0.037979 0.017532
3 0.880119 0.143408 0.064399 0.021428
3 0.885898 0.164349 0.080911 0.018506
3 0.885485 0.184317 0.065225 0.019480
3 0.883834 0.204771 0.065225 0.021428
3 0.868973 0.223277 0.035502 0.017532
3 0.883009 0.241296 0.055317 0.022402
3 0.866909 0.263699 0.036328 0.024350
3 0.879293 0.285127 0.056143 0.022402
3 0.875578 0.302659 0.043758 0.018506
3 0.873514 0.323113 0.044584 0.022402
3 0.883834 0.342594 0.066876 0.020454
3 0.883834 0.362561 0.053666 0.015584
3 0.863194 0.383015 0.042107 0.019480
3 0.867322 0.405417 0.043758 0.021428
3 0.859478 0.426846 0.036328 0.017532
3 0.861955 0.444378 0.037979 0.017532
3 0.859478 0.463858 0.034676 0.021428
3 0.874339 0.505741 0.064399 0.019480
3 0.863606 0.523760 0.047886 0.020454
3 0.864845 0.546649 0.042107 0.021428
3 0.869386 0.567590 0.052840 0.018506
3 0.872688 0.589019 0.049538 0.020454
3 0.873927 0.610934 0.061922 0.021428
3 0.868147 0.633336 0.048712 0.025324
3 0.861955 0.672784 0.033025 0.020454
3 0.890026 0.650381 0.067701 0.018506
3 0.859478 0.695186 0.049538 0.016558
3 0.849571 0.736581 0.037979 0.025324